wait 1 sec

48 41 4C 44 45 46 0A

30 31 32 33 36 39 35 39 0A

39 39 35 35 33 0A

2B 31 32 2E 36 38 39 30 2B 39 39 2E 39 39 39 39 0A

wait 1 sec

48 41 4C 44 45 46 0A

30 31 32 33 36 39 35 39 0A

39 39 35 35 33 0A

2B 31 32 2E 36 38 39 30 2B 39 39 2E 39 39 39 39 0A

wait 1 sec

48 41 4C 44 45 46 0A

30 31 32 33 36 39 35 39 0A

39 39 35 35 33 0A

2B 31 32 2E 36 38 39 30 2B 39 39 2E 39 39 39 39 0A

wait 1 sec

48 41 4C 44 45 46 0A

30 31 32 33 36 39 35 39 0A

39 39 35 35 33 0A

2B 31 32 2E 36 38 39 30 2B 39 39 2E 39 39 39 39 0A

wait 1 sec

48 41 4C 44 45 46 0A

30 31 32 33 36 39 35 39 0A

39 39 35 35 33 0A

2B 31 32 2E 36 38 39 30 2B 39 39 2E 39 39 39 39 0A

wait 1 sec

48 41 4C 44 45 46 0A

30 31 32 33 36 39 35 39 0A

39 39 35 35 33 0A

2B 31 32 2E 36 38 39 30 2B 39 39 2E 39 39 39 39 0A

wait 1 sec

48 41 4C 44 45 46 0A

30 31 32 33 36 39 35 39 0A

39 39 35 35 33 0A

2B 31 32 2E 36 38 39 30 2B 39 39 2E 39 39 39 39 0A

wait 1 sec

48 41 4C 44 45 46 0A

30 31 32 33 36 39 35 39 0A

39 39 35 35 33 0A

2B 31 32 2E 36 38 39 30 2B 39 39 2E 39 39 39 39 0A

wait 1 sec

48 41 4C 44 45 46 0A

30 31 32 33 36 39 35 39 0A

39 39 35 35 33 0A

2B 31 32 2E 36 38 39 30 2B 39 39 2E 39 39 39 39 0A

wait 1 sec

48 41 4C 44 45 46 0A

30 31 32 33 36 39 35 39 0A

39 39 35 35 33 0A

2B 31 32 2E 36 38 39 30 2B 39 39 2E 39 39 39 39 0A
